 0.0000E+00 2.5000E-08 1.6523E-08 0.2193
 0.0000E+00 2.5000E-08 1.6523E-08 0.2193
 0.0000E+00 2.5000E-08 3.2914E-08 0.0987
 0.0000E+00 2.5000E-08 4.0053E-08 0.0992
 0.0000E+00 2.5000E-08 4.1803E-08 0.0978
 0.0000E+00 2.5000E-08 3.4834E-08 0.0982
 0.0000E+00 2.5000E-08 4.0120E-08 0.0987
 0.0000E+00 2.5000E-08 4.4416E-08 0.0908
 0.0000E+00 2.5000E-08 5.7820E-08 0.0961
 0.0000E+00 2.5000E-08 5.8298E-08 0.0951
 0.0000E+00 2.5000E-08 6.0601E-08 0.0958
 0.0000E+00 2.5000E-08 6.0009E-08 0.0994
 0.0000E+00 2.5000E-08 6.0390E-08 0.0965
 0.0000E+00 2.5000E-08 6.2078E-08 0.0936
 0.0000E+00 2.5000E-08 6.2039E-08 0.0919
 0.0000E+00 2.5000E-08 6.1172E-08 0.0933
 0.0000E+00 2.5000E-08 5.3808E-08 0.0967
 0.0000E+00 2.5000E-08 5.4240E-08 0.0988
 0.0000E+00 2.5000E-08 5.2881E-08 0.0956
 0.0000E+00 2.5000E-08 5.2505E-08 0.0904
 0.0000E+00 2.5000E-08 1.2243E-08 0.0300
 0.0000E+00 2.5000E-08 2.1803E-08 0.0300
 0.0000E+00 2.5000E-08 3.0186E-08 0.0300
 0.0000E+00 2.5000E-08 3.6400E-08 0.0299
 0.0000E+00 2.5000E-08 4.1447E-08 0.0299
 0.0000E+00 2.5000E-08 4.4875E-08 0.0300
 0.0000E+00 2.5000E-08 4.7573E-08 0.0298
 0.0000E+00 2.5000E-08 5.0653E-08 0.0300
 0.0000E+00 2.5000E-08 5.2990E-08 0.0299
 0.0000E+00 2.5000E-08 5.4894E-08 0.0299
 0.0000E+00 2.5000E-08 5.5853E-08 0.0298
 0.0000E+00 2.5000E-08 5.5928E-08 0.0299
 0.0000E+00 2.5000E-08 5.6282E-08 0.0299
 0.0000E+00 2.5000E-08 5.7208E-08 0.0299
 0.0000E+00 2.5000E-08 5.7485E-08 0.0300
 0.0000E+00 2.5000E-08 5.7336E-08 0.0298
 0.0000E+00 2.5000E-08 5.7020E-08 0.0299
 0.0000E+00 2.5000E-08 5.4873E-08 0.0299
 0.0000E+00 2.5000E-08 5.3243E-08 0.0300
 0.0000E+00 2.5000E-08 5.2812E-08 0.0300
 0.0000E+00 2.5000E-08 5.2004E-08 0.0300
 0.0000E+00 2.5000E-08 5.0734E-08 0.0300
 0.0000E+00 2.5000E-08 4.9362E-08 0.0299
 0.0000E+00 2.5000E-08 4.8628E-08 0.0299
 0.0000E+00 2.5000E-08 4.6983E-08 0.0300
 0.0000E+00 2.5000E-08 4.5857E-08 0.0299
 0.0000E+00 2.5000E-08 4.4564E-08 0.0300
 0.0000E+00 2.5000E-08 4.2946E-08 0.0300
 0.0000E+00 2.5000E-08 4.1404E-08 0.0299
 0.0000E+00 2.5000E-08 3.9300E-08 0.0298
